3,2
3,1
3,3
10,247
10,77
10,99
10,161
10,217
10,93
10,195
11,7
11,5
9,5
8,18
8,7
8,13
8,2
8,3
47,4
47,3
2,2
47,2
2,1
47,1
2,3
47,0
46,3
46,2
46,1
46,0
45,3
45,2
45,1
45,0
44,5
44,4
44,3
44,2
44,1
44,0
43,4
43,3
43,2
43,1
43,0
41,5
41,4
41,3
41,2
41,1
41,0
38,5
38,4
38,3
38,2
38,1
38,0
36,5
36,4
36,3
36,2
36,1
36,0
34,5
34,4
34,3
34,2
34,1
24,3
24,1
20,3
20,2
20,1
19,3
19,2
19,1
18,3
18,1
14,3
14,1
13,3
13,1
12,3
12,2
12,1
11,29
11,27
11,26
11,24
11,23
11,22
11,20
11,17
11,16
11,14
11,13
11,12
11,11
11,10
11,8
11,6
11,4
11,3
11,2
11,1
10,308
10,294
10,288
